Epoch	Train_Loss	Valid_Loss	Train_Error	Valid_Error	Epoch_Time_Seconds
1	0.6340916	2.2979624	0.9237999	2.0502352	149.75
2	0.1490420	3.3932105	0.4771599	2.5103489	178.74
3	0.0711135	0.3948910	0.3301326	0.8652596	133.11
4	0.0492509	0.0950137	0.2712922	0.3990982	117.83
5	0.0404168	0.0383551	0.2410136	0.2508206	194.58
6	0.0315665	0.0281137	0.2165253	0.2078007	63.30
7	0.0270049	0.0208854	0.1979697	0.1783011	61.95
8	0.0257158	0.0193772	0.1929765	0.1667190	62.02
9	0.0223174	0.0198134	0.1690780	0.1705833	61.21
10	0.0167557	0.0186900	0.1540853	0.1585425	61.81
11	0.0190478	0.0160307	0.1586184	0.1495973	61.90
12	0.0145074	0.0158670	0.1434947	0.1528697	61.38
13	0.0159343	0.0140958	0.1485000	0.1436604	61.19
14	0.0142176	0.0199110	0.1416535	0.1733899	61.39
15	0.0132489	0.0180210	0.1363482	0.1603665	61.38
16	0.0125009	0.0159052	0.1337489	0.1537307	61.10
17	0.0129511	0.0209264	0.1367875	0.1677309	61.67
18	0.0104119	0.0147284	0.1208097	0.1464006	61.33
19	0.0115251	0.0189639	0.1299115	0.1628227	60.59
20	0.0129386	0.0150345	0.1440397	0.1473483	61.66
